10222
10229
10232
10236
10859
11560
11563
11564
11566
11584
11586
11604
11620
11624
11628
11631
11632
11635
11638
12481
12484
12489
12490
12493
12506
12507
12508
12512
12514
12517
12518
12519
12526
12527
12529
12533
12534
13279
13281
13286
13287
13294
13330
1466
2133
2216
2449
3163
3198
3214
3294
4034
4037
4046
4199
421
4217
4866
4881
4983
4984
5012
5022
5045
5846
5850
5859
5892
5927
5947
5967
6770
6786
6790
6794
6797
6801
6804
6806
6813
6819
6904
7021
7523
7525
7526
7543
7547
7553
7564
7567
7569
7588
7594
7611
7961
8042
8056
8110
8112
8121
8126
8130
8131
8134
8136
8137
8138
8142
8144
8146
8148
8150
8151
8154
8155
8167
8183
8228
8259
8408
8577
8775
8812
8893
8932
899
9221
9224
9226
9480
9484
9487
9488
9493
9500
9509
9754
9756
9997
LAC
LAR
MIA
MIN
NO
NYJ
PIT
SEA
SF
TEN
